image: acafe_large_5cm.png
resolution: 0.05
origin: [-5.50000, -1.250000, 0.000000]
negate: 0
occupied_thresh: 0.65
free_thresh: 0.196

